[{"LU1919842267":0.0002125351,"LU1883854199":0.0001797334,"LU1893597309":0.0000777959,"FR0010983924":0.0000408375,"LU0154236417":0.000068034,"LU1103207525":0.0000309511,"LU0072462186":0.0000601169,"LU1191877379":0.0000064038,"LU1161527038":0.0000046372,"LU1160351208":0.0000045781,"LU1279613365":0.0000629585,"LU1244893696":0.0001343362,"LU1882449801":0.0000343721,"FR0011288513":0.0000111109},{"LU1919842267":0.0001797334,"LU1883854199":0.0001906174,"LU1893597309":0.00006643,"FR0010983924":0.0000285457,"LU0154236417":0.000062737,"LU1103207525":0.0000275629,"LU0072462186":0.0000576894,"LU1191877379":0.000003554,"LU1161527038":0.0000019695,"LU1160351208":-0.0000005469,"LU1279613365":0.0000423599,"LU1244893696":0.0001327995,"LU1882449801":0.0000356787,"FR0011288513":0.000010203},{"LU1919842267":0.0000777959,"LU1883854199":0.00006643,"LU1893597309":0.0001416978,"FR0010983924":0.0000432511,"LU0154236417":0.0001093034,"LU1103207525":0.0000353991,"LU0072462186":0.0001086315,"LU1191877379":0.000016235,"LU1161527038":0.0000109121,"LU1160351208":0.0000238105,"LU1279613365":0.000078644,"LU1244893696":0.000070669,"LU1882449801":0.0000218942,"FR0011288513":0.0000147017},{"LU1919842267":0.0000408375,"LU1883854199":0.0000285457,"LU1893597309":0.0000432511,"FR0010983924":0.0001417115,"LU0154236417":0.0000467145,"LU1103207525":0.0000083252,"LU0072462186":0.0000324989,"LU1191877379":0.0000112454,"LU1161527038":0.0000063233,"LU1160351208":0.0000106419,"LU1279613365":0.0000525819,"LU1244893696":0.0000350382,"LU1882449801":0.000020003,"FR0011288513":0.0000075511},{"LU1919842267":0.000068034,"LU1883854199":0.000062737,"LU1893597309":0.0001093034,"FR0010983924":0.0000467145,"LU0154236417":0.0001366435,"LU1103207525":0.0000271288,"LU0072462186":0.0001025684,"LU1191877379":0.0000166778,"LU1161527038":0.0000076484,"LU1160351208":0.0000185588,"LU1279613365":0.0000745466,"LU1244893696":0.0000709522,"LU1882449801":0.0000292289,"FR0011288513":0.0000127923},{"LU1919842267":0.0000309511,"LU1883854199":0.0000275629,"LU1893597309":0.0000353991,"FR0010983924":0.0000083252,"LU0154236417":0.0000271288,"LU1103207525":0.0000183651,"LU0072462186":0.0000348507,"LU1191877379":0.0000059379,"LU1161527038":0.000004647,"LU1160351208":0.0000100879,"LU1279613365":0.0000232029,"LU1244893696":0.0000283455,"LU1882449801":0.0000055124,"FR0011288513":0.0000055908},{"LU1919842267":0.0000601169,"LU1883854199":0.0000576894,"LU1893597309":0.0001086315,"FR0010983924":0.0000324989,"LU0154236417":0.0001025684,"LU1103207525":0.0000348507,"LU0072462186":0.0001339193,"LU1191877379":0.0000195934,"LU1161527038":0.0000108811,"LU1160351208":0.0000242783,"LU1279613365":0.0000798321,"LU1244893696":0.0000752621,"LU1882449801":0.0000239959,"FR0011288513":0.0000159523},{"LU1919842267":0.0000064038,"LU1883854199":0.000003554,"LU1893597309":0.000016235,"FR0010983924":0.0000112454,"LU0154236417":0.0000166778,"LU1103207525":0.0000059379,"LU0072462186":0.0000195934,"LU1191877379":0.0000167701,"LU1161527038":0.0000056198,"LU1160351208":0.0000082221,"LU1279613365":0.0000207904,"LU1244893696":0.000009432,"LU1882449801":0.0000095411,"FR0011288513":0.0000068654},{"LU1919842267":0.0000046372,"LU1883854199":0.0000019695,"LU1893597309":0.0000109121,"FR0010983924":0.0000063233,"LU0154236417":0.0000076484,"LU1103207525":0.000004647,"LU0072462186":0.0000108811,"LU1191877379":0.0000056198,"LU1161527038":0.0000074533,"LU1160351208":0.0000083088,"LU1279613365":0.0000097097,"LU1244893696":0.0000049945,"LU1882449801":0.0000055078,"FR0011288513":0.0000042005},{"LU1919842267":0.0000045781,"LU1883854199":-0.0000005469,"LU1893597309":0.0000238105,"FR0010983924":0.0000106419,"LU0154236417":0.0000185588,"LU1103207525":0.0000100879,"LU0072462186":0.0000242783,"LU1191877379":0.0000082221,"LU1161527038":0.0000083088,"LU1160351208":0.0000634366,"LU1279613365":0.0000204326,"LU1244893696":0.0000092803,"LU1882449801":0.0000065183,"FR0011288513":0.0000056432},{"LU1919842267":0.0000629585,"LU1883854199":0.0000423599,"LU1893597309":0.000078644,"FR0010983924":0.0000525819,"LU0154236417":0.0000745466,"LU1103207525":0.0000232029,"LU0072462186":0.0000798321,"LU1191877379":0.0000207904,"LU1161527038":0.0000097097,"LU1160351208":0.0000204326,"LU1279613365":0.0001460859,"LU1244893696":0.000060798,"LU1882449801":0.0000206468,"FR0011288513":0.0000141058},{"LU1919842267":0.0001343362,"LU1883854199":0.0001327995,"LU1893597309":0.000070669,"FR0010983924":0.0000350382,"LU0154236417":0.0000709522,"LU1103207525":0.0000283455,"LU0072462186":0.0000752621,"LU1191877379":0.000009432,"LU1161527038":0.0000049945,"LU1160351208":0.0000092803,"LU1279613365":0.000060798,"LU1244893696":0.0001226395,"LU1882449801":0.0000311906,"FR0011288513":0.0000118282},{"LU1919842267":0.0000343721,"LU1883854199":0.0000356787,"LU1893597309":0.0000218942,"FR0010983924":0.000020003,"LU0154236417":0.0000292289,"LU1103207525":0.0000055124,"LU0072462186":0.0000239959,"LU1191877379":0.0000095411,"LU1161527038":0.0000055078,"LU1160351208":0.0000065183,"LU1279613365":0.0000206468,"LU1244893696":0.0000311906,"LU1882449801":0.0000452948,"FR0011288513":0.0000068592},{"LU1919842267":0.0000111109,"LU1883854199":0.000010203,"LU1893597309":0.0000147017,"FR0010983924":0.0000075511,"LU0154236417":0.0000127923,"LU1103207525":0.0000055908,"LU0072462186":0.0000159523,"LU1191877379":0.0000068654,"LU1161527038":0.0000042005,"LU1160351208":0.0000056432,"LU1279613365":0.0000141058,"LU1244893696":0.0000118282,"LU1882449801":0.0000068592,"FR0011288513":0.0000057601}]